1
420
0
0
25
ZA 0 0 0
0
0
0
0
0
TN 0 0 0
0
0
0
0
0
TT 0 0 0
0
0
0
0
0
BA 0 0 0
0
0
0
0
0
MA 0 0 0
0
0
0
0
0
PD 0 0 0
0
0
0
0
0
NR 0 0 0
0
0
0
0
0
KN 0 0 0
0
0
0
0
0
MT 0 0 0
2
10420 100 420 100 0 0
10420 101 420 100 0 0
1
10420 102 420 100 0 0
0
0
0
BB 0 0 0
0
0
0
0
0
RA 0 0 0
0
0
0
0
0
LC 0 0 0
0
0
0
0
0
ZV 0 0 0
0
0
0
0
0
KA 0 0 0
0
0
0
0
0
LV 0 0 0
0
0
0
0
0
LM 0 0 0
0
1
10420 103 420 100 0 0
0
0
0
PP 0 0 0
0
0
0
0
0
SN 0 0 0
0
0
0
0
0
KE 0 0 0
1
10420 104 420 100 0 0
0
0
0
0
MI 0 0 0
0
0
0
0
0
HE 0 0 0
0
0
0
0
0
PO 0 0 0
0
0
0
0
0
SL 0 0 0
0
0
0
0
0
CA 0 0 0
0
0
0
0
0
NO 0 0 0
0
0
0
0
0
2
10420 5 4 0 0 0 0 LV005QT 396 8 ZA MT BB RA LC ZV KA LV 
10420 7 4 0 0 0 0 SL710CR 484 9 ZA LM PP SN KE MI HE PO SL