6
600
22
1850
25
ZA 0 0 0
0
0
0
0
0
TN 0 0 0
0
0
0
0
0
TT 0 0 0
0
0
0
0
0
BA 0 0 0
1
20660 200 600 100 0 0
0
0
0
0
MA 0 0 0
0
0
0
0
0
PD 0 0 0
0
0
0
0
0
NR 0 0 0
0
0
0
0
0
KN 0 0 0
0
0
0
0
0
MT 0 0 0
2
10420 100 600 100 130 8
10420 101 600 100 110 5
1
10420 102 600 100 248 7
0
0
0
BB 0 0 0
0
0
0
0
0
RA 0 0 0
0
0
0
0
0
LC 0 0 0
0
0
0
0
0
ZV 0 0 0
0
0
0
0
0
KA 0 0 0
0
0
0
0
0
LV 0 0 0
0
0
0
0
0
LM 0 0 0
0
1
10420 103 600 100 328 13
0
0
0
PP 0 0 0
0
0
0
0
0
SN 0 0 0
0
0
0
0
0
KE 0 0 0
1
10420 104 600 100 250 11
0
0
0
0
MI 0 0 0
0
0
0
0
0
HE 0 0 0
0
0
0
0
0
PO 0 0 0
0
0
0
0
0
SL 0 0 0
0
0
0
0
0
CA 0 0 0
0
0
0
0
0
NO 0 0 0
0
0
0
0
0
2
10420 5 4 28 0 0 1 LV005QT 396 8 ZA MT BB RA LC ZV KA LV
10420 7 4 112 0 0 4 SL710CR 484 9 ZA LM PP SN KE MI HE PO SL
